%YAML:1.0
---
camera_matrix: !!opencv-matrix
   rows: 3
   cols: 3
   dt: d
   data: [ 6.2398834031973831e+02, 0., 3.1778710076290895e+02, 0.,
       6.2256203137041337e+02, 2.4232631505380624e+02, 0., 0., 1. ]
distortion_coefficients: !!opencv-matrix
   rows: 5
   cols: 1
   dt: d
   data: [ 1.6937855053015685e-01, -2.5426237142534358e-01,
       -7.3673501139877818e-03, 4.7851360233426175e-03,
       2.1140655641981909e-01 ]